,office,DunderMifflin,overall
office,787,194,981
work,473,33,506
like,274,145,419
michael,11,263,274
know,196,76,272
time,180,85,265
people,185,50,235
think,69,124,193
job,165,27,192
new,148,40,188
jim,4,183,187
need,155,18,173
working,158,5,163
really,114,47,161
dwight,5,155,160
company,142,13,155
make,114,35,149
want,122,26,148
day,116,31,147
help,124,20,144
team,134,7,141
desk,128,11,139
manager,100,30,130
best,91,35,126
episode,5,118,123
got,73,49,122
feel,91,27,118
good,68,49,117
way,88,28,116
person,96,19,115
pam,5,110,115
boss,93,16,109
things,87,19,106
said,66,37,103
use,86,8,94
season,2,90,92
going,65,26,91
andy,2,88,90
lot,60,29,89
better,74,14,88
space,84,2,86
right,62,24,86
say,55,27,82
employees,74,7,81
getting,63,17,80
home,67,10,77
meeting,60,17,77
workplace,75,1,76
looking,69,7,76
started,55,16,71
business,58,12,70
thing,45,25,70
small,62,6,68
chair,63,5,68
told,57,10,67
different,47,19,66
let,48,18,66
life,42,24,66
year,51,14,65
coworkers,57,8,65
sure,47,16,63
years,41,22,63
favorite,11,52,63
actually,27,36,63
love,24,38,62
months,54,7,61
coworker,55,5,60
customer,58,2,60
times,41,18,59
employee,53,6,59
week,54,4,58
days,52,5,57
experience,52,5,57
tell,42,15,57
toby,5,51,56
phone,47,8,55
today,36,19,55
ask,41,14,55
question,34,20,54
service,49,5,54
little,36,18,54
place,41,12,53
great,37,16,53
bad,36,17,53
long,45,8,53
come,37,16,53
open,43,10,53
trying,31,21,52
look,34,18,52
free,48,4,52
episodes,2,49,51
maybe,29,22,51
watching,5,46,51
management,47,3,50
thought,25,25,50
used,41,9,50
party,19,30,49
professional,44,5,49
guy,23,25,48
ideas,42,6,48
making,40,8,48
asked,37,11,48
makes,30,18,48
worked,41,6,47
scene,3,44,47
share,38,9,47
angela,1,45,46
scott,5,41,46
hours,41,5,46
email,39,7,46
colleagues,45,1,46
room,30,15,45
able,40,5,45
post,24,21,45
gets,15,30,45
problem,37,7,44
pretty,34,10,44
hi,39,4,43
guys,28,15,43
questions,37,6,43
point,24,19,43
kind,27,16,43
position,40,2,42
says,11,31,42
later,24,17,41
ryan,2,39,41
character,5,36,41
mean,18,23,41
old,28,13,41
recently,30,11,41
try,33,8,41
thanks,32,9,41
moving,39,2,41
workers,36,4,40
deal,35,5,40
saying,26,14,40
hard,27,12,39
end,12,27,39
wrong,28,11,39
calls,32,7,39
suggestions,35,4,39
building,33,6,39
start,28,10,38
left,18,20,38
tips,37,1,38
away,29,9,38
talk,30,8,38
went,25,13,38
kevin,2,35,37
talking,24,13,37
idea,26,11,37
set,27,10,37
project,35,2,37
stuff,29,8,37
fun,26,11,37
send,31,6,37
word,26,10,36
using,34,2,36
sitting,35,1,36
big,28,8,36
quite,29,7,36
10,26,9,35
taking,27,8,35
thank,27,7,34
noticed,6,28,34
lunch,30,4,34
outside,29,5,34
leave,29,5,34
offices,33,1,34
department,33,1,34
stay,29,5,34
hear,21,12,33
moment,5,28,33
nice,25,8,33
ago,26,7,33
pay,28,4,32
light,31,1,32
usually,27,5,32
head,22,10,32
support,30,2,32
came,20,12,32
level,23,9,32
hello,27,5,32
bit,23,9,32
super,19,13,32
school,20,11,31
online,26,5,31
paper,16,15,31
issues,29,2,31
instead,21,10,31
environment,30,1,31
took,22,9,31
past,22,8,30
far,18,12,30
wanted,18,12,30
list,15,15,30
change,25,5,30
comes,21,9,30
personal,24,6,30
situation,24,6,30
watch,2,28,30
benefits,29,1,30
stress,25,4,29
money,20,9,29
probably,13,16,29
tried,21,8,29
30,19,10,29
staff,25,4,29
seen,12,17,29
ways,27,2,29
needs,28,1,29
care,23,6,29
issue,27,2,29
high,22,7,29
product,25,3,28
literally,18,10,28
hate,10,18,28
understand,16,12,28
standing,26,2,28
100,27,1,28
corporate,18,10,28
couple,16,12,28
finally,16,12,28
read,19,8,27
create,26,1,27
20,18,9,27
sit,24,3,27
training,24,3,27
performance,25,2,27
constantly,23,4,27
normal,23,4,27
video,23,4,27
important,21,6,27
hey,23,4,27
answer,24,3,27
hr,22,5,27
role,22,4,26
view,22,4,26
entire,14,12,26
course,20,6,26
face,13,13,26
feeling,24,2,26
key,21,5,26
client,25,1,26
night,8,18,26
rest,16,10,26
basically,25,1,26
funny,1,24,25
real,5,20,25
lol,5,20,25
live,16,9,25
version,7,18,25
computer,22,3,25
area,23,2,25
relationship,10,15,25
current,22,3,25
weeks,23,2,25
fired,18,7,25
software,23,1,24
door,23,1,24
mind,18,6,24
remember,6,18,24
wondering,21,3,24
power,21,3,24
self,21,3,24
man,6,18,24
currently,20,4,24
minutes,20,4,24
thoughts,11,13,24
world,19,5,24
food,18,6,24
happy,18,6,24
reddit,17,7,24
saw,8,16,24
longer,17,7,24
worst,9,15,24
buy,16,7,23
im,20,3,23
height,22,1,23
contact,22,1,23
productive,21,2,23
looks,13,10,23
reason,12,11,23
easy,17,6,23
stop,10,13,23
joined,20,3,23
multiple,20,2,22
wall,10,12,22
plan,18,4,22
break,13,9,22
scranton,1,21,22
seasons,1,21,22
add,20,2,22
friend,14,8,22
branch,8,14,22
called,11,11,22
month,20,2,22
goes,9,13,22
bathroom,20,2,22
leaving,14,7,21
story,10,11,21
original,10,11,21
run,13,8,21
woman,11,10,21
heard,12,9,21
family,12,9,21
perfect,10,11,21
possible,17,4,21
simple,20,1,21
ink,20,1,21
jobs,20,1,21
worker,16,5,21
complete,19,2,21
short,17,4,21
extra,15,6,21
thinking,17,4,21
works,16,5,21
layout,20,1,21
managers,19,1,20
choose,15,5,20
matter,16,4,20
table,17,3,20
certain,17,3,20
appreciate,17,3,20
text,12,8,20
moments,1,19,20
bring,16,4,20
happened,12,8,20
clients,18,2,20
sense,11,9,20
clean,18,2,20
advance,19,1,20
random,10,10,20
seat,19,1,20
coffee,15,4,19
especially,10,9,19
given,9,10,19
means,14,5,19
quality,15,4,19
similar,12,7,19
conversation,13,6,19
leaves,12,7,19
fact,7,12,19
title,14,5,19
completely,12,7,19
happen,12,7,19
series,2,17,19
offer,18,1,19
access,16,3,19
style,15,4,19
check,17,2,19
interested,18,1,19
consider,18,1,19
weird,8,11,19
hour,13,6,19
spaces,17,2,19
app,17,2,19
sub,10,8,18
needed,12,6,18
dinner,4,14,18
line,4,14,18
hope,9,9,18
feels,10,8,18
floor,17,1,18
friends,9,9,18
realized,2,16,18
services,17,1,18
opinions,9,9,18
health,17,1,18
stand,11,7,18
higher,17,1,18
felt,11,7,18
robert,1,17,18
watched,2,16,18
kids,9,9,18
printer,17,1,18
oh,7,11,18
wants,12,6,18
coming,13,5,18
type,16,2,18
hot,15,3,18
group,13,5,18
customers,15,3,18
sent,13,5,18
reasons,16,2,18
cold,7,11,18
sorry,6,12,18
ones,14,4,18
quote,1,17,18
based,16,1,17
annoying,11,6,17
decided,13,4,17
clear,9,8,17
specific,13,4,17
rules,11,6,17
jokes,9,8,17
following,13,4,17
christmas,2,15,17
culture,16,1,17
starting,13,4,17
focus,15,2,17
taken,13,4,17
dress,13,4,17
sales,10,7,17
wife,2,15,17
extremely,14,3,17
appreciated,14,3,17
tells,7,10,17
members,16,1,17
talks,9,8,17
cool,11,6,17
guess,11,6,17
daily,16,1,17
message,16,1,17
eventually,8,9,17
packer,4,13,17
2021,16,1,17
game,11,6,17
wanna,16,1,17
note,12,4,16
interview,12,4,16
favourite,5,11,16
actual,10,6,16
car,8,8,16
worth,10,6,16
lack,15,1,16
respond,14,2,16
case,10,6,16
example,8,8,16
micheal,1,15,16
gift,11,5,16
finished,1,15,16
sick,14,2,16
seeing,5,11,16
return,12,4,16
kept,9,7,16
feedback,15,1,16
hire,15,1,16
attitude,15,1,16
sort,12,4,16
huge,10,6,16
wish,9,7,16
hilarious,4,12,16
update,15,1,16
california,1,14,15
curious,6,9,15
second,4,11,15
close,9,6,15
tv,2,13,15
uncomfortable,9,6,15
amazing,8,7,15
photo,8,7,15
gave,8,7,15
drive,4,11,15
knew,8,7,15
kinda,6,9,15
picture,9,6,15
gonna,5,10,15
edit,9,6,15
notes,14,1,15
gone,12,3,15
context,11,4,15
wear,13,2,15
card,13,2,15
morning,10,5,15
definitely,11,4,15
giving,10,5,15
speak,12,3,15
likely,10,5,15
2022,12,3,15
walk,13,2,15
form,14,1,15
learn,14,1,15
laptop,14,1,15
human,10,5,15
hired,14,1,15
chat,14,1,15
data,14,1,15
girl,11,4,15
result,14,1,15
shared,14,1,15
activities,14,1,15
busy,13,1,14
hand,8,6,14
turns,11,3,14
lower,13,1,14
cause,11,3,14
cat,9,5,14
success,11,3,14
written,8,6,14
approach,13,1,14
turn,9,5,14
keeping,12,2,14
clearly,9,5,14
staying,13,1,14
interesting,4,10,14
half,8,6,14
finding,8,6,14
weight,10,4,14
asking,12,2,14
easily,7,7,14
single,7,7,14
created,12,2,14
miss,10,4,14
supposed,6,8,14
order,10,4,14
save,13,1,14
camera,4,10,14
emails,13,1,14
middle,6,8,14
brought,10,4,14
code,13,1,14
opinion,5,9,14
future,12,2,14
physical,13,1,14
appropriate,13,1,14
location,12,1,13
previous,10,3,13
efficient,12,1,13
cut,4,9,13
helps,12,1,13
netflix,1,12,13
degree,10,3,13
switch,12,1,13
size,12,1,13
cleaning,12,1,13
smell,12,1,13
insurance,12,1,13
monday,12,1,13
terrible,5,8,13
skills,12,1,13
seriously,6,7,13
asks,6,7,13
aware,6,7,13
upset,7,6,13
anybody,7,6,13
user,12,1,13
related,12,1,13
acting,2,11,13
greater,11,2,13
notice,9,4,13
joke,3,10,13
looked,9,4,13
yeah,9,4,13
liked,3,10,13
thinks,9,4,13
knows,11,2,13
opportunity,10,3,13
results,10,3,13
mess,10,3,13
slow,11,2,13
number,11,2,13
writing,9,4,13
strong,10,3,13
air,10,3,13
college,11,2,13
annoyed,10,3,13
follow,10,3,13
mail,11,2,13
closed,10,3,13
student,10,3,13
career,10,3,13
link,12,1,13
worse,11,2,13
believe,11,2,13
yes,6,6,12
okay,7,5,12
exactly,7,5,12
numbers,6,6,12
background,7,5,12
vs,7,5,12
lead,10,2,12
pick,8,4,12
threat,3,9,12
house,7,5,12
uses,7,5,12
community,6,6,12
words,6,6,12
picked,8,4,12
ended,1,11,12
play,7,5,12
fit,11,1,12
machine,11,1,12
continue,11,1,12
owner,11,1,12
mad,4,8,12
mentioned,5,7,12
purpose,9,3,12
details,11,1,12
available,11,1,12
figure,8,4,12
effective,11,1,12
idk,3,9,12
ed,1,11,12
low,9,3,12
eating,9,3,12
responsible,11,1,12
hoping,9,3,12
happens,9,3,12
industry,11,1,12
minute,11,1,12
individual,11,1,12
stupid,7,4,11
baby,1,10,11
breaks,7,4,11
wonder,4,7,11
immediately,3,8,11
ladies,5,6,11
bought,5,6,11
search,6,5,11
takes,5,6,11
married,2,9,11
consistently,6,5,11
realize,6,5,11
known,6,5,11
sad,3,8,11
date,3,8,11
warehouse,3,8,11
absolutely,2,9,11
shows,3,8,11
personally,6,5,11
accidentally,5,6,11
women,6,5,11
late,8,3,11
main,8,3,11
review,10,1,11
gives,8,3,11
choice,8,3,11
fairly,10,1,11
range,10,1,11
plus,9,2,11
window,9,2,11
soon,8,3,11
rid,8,3,11
quit,9,2,11
struggling,8,3,11
feelings,7,4,11
running,8,3,11
brings,8,3,11
equipment,9,2,11
sound,9,2,11
waiting,9,2,11
include,9,2,11
anymore,10,1,11
feature,10,1,11
spend,10,1,11
body,10,1,11
base,10,1,11
flexible,10,1,11
25,9,2,11
difficult,8,3,11
creating,10,1,11
behavior,9,2,11
public,8,3,11
correct,10,1,11
struggle,10,1,11
strip,10,1,11
pain,10,1,11
holiday,10,1,11
young,9,2,11
social,8,2,10
playing,4,6,10
creepy,9,1,10
dating,4,6,10
caught,4,6,10
fast,6,4,10
page,9,1,10
mention,6,4,10
content,4,6,10
fake,4,6,10
control,8,2,10
changes,8,2,10
missing,5,5,10
listen,8,2,10
near,8,2,10
friendly,8,2,10
write,8,2,10
hell,6,4,10
non,6,4,10
decide,8,2,10
explain,5,5,10
assistant,8,2,10
shop,8,2,10
honestly,6,4,10
keeps,4,6,10
allowed,8,2,10
quiet,8,2,10
pictures,8,2,10
hospital,6,4,10
gym,5,5,10
drinks,8,2,10
address,9,1,10
planning,5,5,10
copy,7,3,10
expect,9,1,10
music,3,7,10
brand,9,1,10
agree,2,8,10
reasonable,7,3,10
heavy,9,1,10
speaking,7,3,10
request,9,1,10
university,9,1,10
biggest,7,3,10
safe,9,1,10
drop,9,1,10
laugh,3,7,10
sounds,7,3,10
met,2,8,10
uk,3,7,10
news,2,8,10
beginning,3,7,10
eye,7,3,10
talked,7,3,10
shit,7,3,10
lazy,9,1,10
obviously,4,6,10
excited,6,4,10
screen,6,4,10
sits,9,1,10
helping,7,3,10
awkward,6,4,10
planned,9,1,10
closing,4,6,10
welcome,9,1,10
restaurant,4,6,10
22,2,8,10
everyday,6,4,10
greatest,3,6,9
obvious,5,4,9
forms,5,4,9
digital,8,1,9
knowing,5,4,9
emotional,5,4,9
learned,8,1,9
lots,5,4,9
worried,8,1,9
everybody,5,4,9
goals,8,1,9
florida,1,8,9
older,5,4,9
finish,8,1,9
personality,2,7,9
respect,8,1,9
challenge,8,1,9
theory,2,7,9
responses,8,1,9
nbc,1,8,9
parks,1,8,9
truck,3,6,9
crazy,4,5,9
animation,8,1,9
smart,5,4,9
mainly,8,1,9
meet,8,1,9
confused,4,5,9
salary,8,1,9
gotten,5,4,9
carpet,2,7,9
modern,8,1,9
passive,8,1,9
comment,5,4,9
areas,8,1,9
forgot,2,7,9
enjoy,4,5,9
pack,7,2,9
twice,4,5,9
technology,8,1,9
decision,7,2,9
attention,6,3,9
books,6,3,9
sell,6,3,9
mom,7,2,9
40,6,3,9
fine,6,3,9
hurt,7,2,9
interviews,6,3,9
15,6,3,9
automatically,6,3,9
totally,6,3,9
fully,7,2,9
comments,7,2,9
received,7,2,9
ass,6,3,9
inspiration,7,2,9
privacy,8,1,9
spent,6,3,9
50,7,2,9
mistake,7,2,9
specifically,6,3,9
female,6,3,9
major,7,2,9
private,8,1,9
cost,7,2,9
13,3,5,8
puts,4,4,8
superior,7,1,8
regularly,7,1,8
canada,7,1,8
book,5,3,8
conference,2,6,8
games,6,2,8
ability,7,1,8
signs,7,1,8
catch,6,2,8
god,5,3,8
push,7,1,8
commercial,7,1,8
info,7,1,8
true,4,4,8
visit,7,1,8
posts,4,4,8
lines,1,7,8
aside,4,4,8
complaint,7,1,8
skip,1,7,8
perfectly,7,1,8
successful,6,2,8
14,4,4,8
age,6,2,8
fellow,6,2,8
afraid,4,4,8
step,6,2,8
friday,7,1,8
discussion,6,2,8
voice,4,4,8
store,6,2,8
afternoon,6,2,8
plastic,4,4,8
possibly,6,2,8
general,6,2,8
habits,5,3,8
shoes,4,4,8
cake,5,3,8
value,6,2,8
crush,3,5,8
conversations,7,1,8
scheduling,7,1,8
terms,7,1,8
various,7,1,8
pregnant,2,6,8
turned,7,1,8
weekend,7,1,8
son,2,6,8
bag,7,1,8
lock,7,1,8
maintain,7,1,8
john,2,6,8
buddy,6,2,8
effort,7,1,8
toilet,6,2,8
folks,5,3,8
nervous,5,3,8
manage,7,1,8
according,5,3,8
mac,7,1,8
sale,3,5,8
offered,7,1,8
photos,7,1,8
apparently,5,3,8
ms,7,1,8
smile,3,5,8
term,7,1,8
account,7,1,8
quickly,7,1,8
eyes,5,3,8
suggested,7,1,8
missed,5,3,8
final,3,5,8
forget,2,6,8
figured,5,3,8
acts,7,1,8
aggressive,7,1,8
pass,6,2,8
item,7,1,8
build,7,1,8
built,7,1,8
train,7,1,8
conflicts,6,1,7
invited,3,4,7
earlier,3,4,7
website,6,1,7
stories,4,3,7
heart,3,4,7
parts,3,4,7
reference,3,4,7
recommendations,6,1,7
selling,4,3,7
reading,4,3,7
generally,2,5,7
leads,6,1,7
hold,4,3,7
replace,6,1,7
award,1,6,7
returned,4,3,7
mark,4,3,7
local,3,4,7
fall,2,5,7
showing,3,4,7
copier,3,4,7
pressure,6,1,7
1st,1,6,7
kiss,4,3,7
wearing,3,4,7
response,4,3,7
loved,2,5,7
s3,1,6,7
act,4,3,7
walking,3,4,7
including,6,1,7
shot,2,5,7
theme,2,5,7
spot,4,3,7
crew,2,5,7
unfortunately,6,1,7
male,6,1,7
fair,3,4,7
waste,2,5,7
draw,4,3,7
odd,4,3,7
pre,6,1,7
absolute,4,3,7
dog,3,4,7
appears,2,5,7
involved,3,4,7
awards,1,6,7
grow,5,2,7
designed,5,2,7
smooth,6,1,7
simply,6,1,7
enter,5,2,7
changed,5,2,7
lost,5,2,7
newbie,6,1,7
early,6,1,7
pants,1,6,7
model,4,3,7
corner,6,1,7
opened,6,1,7
telling,4,3,7
bunch,5,2,7
band,5,2,7
addition,6,1,7
core,5,2,7
neck,6,1,7
majority,5,2,7
luck,5,2,7
assume,5,2,7
glad,5,2,7
heated,5,2,7
incredibly,5,2,7
cozy,5,2,7
promoted,5,2,7
glasses,5,2,7
tough,6,1,7
normally,6,1,7
effect,6,1,7
spoke,5,2,7
poor,5,2,7
shape,6,1,7
expensive,5,2,7
fail,5,2,7
shut,6,1,7
rude,5,2,7
park,5,2,7
offers,5,2,7
overall,4,3,7
require,6,1,7
receptionist,5,2,7
fresh,6,1,7
straight,6,1,7
delivery,4,3,7
hands,4,3,7
drunk,5,2,7
usa,6,1,7
pool,1,6,7
chance,4,3,7
ive,5,2,7
paying,4,3,7
eat,5,2,7
considered,5,2,7
massive,3,3,6
promote,5,1,6
begin,5,1,6
buying,3,3,6
awesome,3,3,6
orders,5,1,6
loss,3,3,6
efforts,5,1,6
adult,2,4,6
discuss,5,1,6
natural,5,1,6
genuinely,2,4,6
locked,3,3,6
steps,5,1,6
creativity,5,1,6
member,5,1,6
material,5,1,6
exercise,5,1,6
bonus,5,1,6
youtube,5,1,6
sees,3,3,6
truly,3,3,6
suck,3,3,6
23,3,3,6
mid,5,1,6
stuck,5,1,6
blue,3,3,6
lady,5,1,6
bank,5,1,6
unit,5,1,6
bigger,3,3,6
asshole,3,3,6
prior,5,1,6
test,3,3,6
everytime,3,3,6
arrive,5,1,6
students,5,1,6
partners,3,3,6
losing,5,1,6
depression,5,1,6
apply,5,1,6
differently,3,3,6
regular,5,1,6
bothered,3,3,6
sweet,5,1,6
somebody,3,3,6
star,2,4,6
trip,2,4,6
typical,5,1,6
touch,5,1,6
rep,3,3,6
exact,5,1,6
safety,4,2,6
tries,3,3,6
total,4,2,6
released,1,5,6
removed,1,5,6
cookie,1,5,6
secret,1,5,6
french,4,2,6
dollars,1,5,6
surprised,4,2,6
decent,5,1,6
presentation,4,2,6
sign,5,1,6
11,5,1,6
starts,1,5,6
listening,4,2,6
commute,5,1,6
wait,4,2,6
played,1,5,6
usual,4,2,6
bringing,4,2,6
throw,4,2,6
memory,1,5,6
monster,1,5,6
child,4,2,6
grew,1,5,6
goodbye,1,5,6
sat,4,2,6
potentially,4,2,6
unfair,4,2,6
reaction,4,2,6
golden,1,5,6
lately,4,2,6
failed,1,5,6
inappropriate,4,2,6
2000,5,1,6
win,4,2,6
goal,5,1,6
gun,2,4,6
appearance,3,3,6
shelf,5,1,6
foot,2,4,6
hide,3,3,6
hotel,3,3,6
ice,5,1,6
candy,2,4,6
12,2,4,6
limited,4,2,6
willing,5,1,6
bosses,5,1,6
category,5,1,6
tia,5,1,6
boring,4,2,6
gifts,4,2,6
competent,2,4,6
bother,4,2,6
sharing,5,1,6
secretary,2,3,5
clip,3,2,5
flaws,1,4,5
facebook,1,4,5
christian,2,3,5
claims,3,2,5
boyfriend,2,3,5
class,3,2,5
forth,1,4,5
despite,3,2,5
dated,2,3,5
jenna,1,4,5
states,3,2,5
relationships,3,2,5
blank,1,4,5
laughed,2,3,5
answers,2,3,5
spotted,1,4,5
site,3,2,5
idiot,1,4,5
naked,1,4,5
mentions,1,4,5
causing,3,2,5
solid,3,2,5
didnt,2,3,5
enjoyed,1,4,5
examples,2,3,5
blame,3,2,5
loves,1,4,5
childish,2,3,5
opening,2,3,5
trash,2,3,5
opposite,2,3,5
parking,1,4,5
sold,2,3,5
dislike,1,4,5
hit,2,3,5
ride,1,4,5
cap,2,3,5
seconds,1,4,5
sets,2,3,5
surveillance,2,3,5
ya,2,3,5
friendship,2,3,5
mouth,2,3,5
hang,2,3,5
dream,1,4,5
tim,3,2,5
viewing,1,4,5
speaks,1,4,5
grown,2,3,5
cup,3,2,5
york,1,4,5
reminded,2,3,5
special,2,3,5
driving,2,3,5
added,2,3,5
2023,1,4,5
admit,2,3,5
throwing,3,2,5
drives,3,2,5
hardest,2,3,5
meant,2,3,5
nearly,4,1,5
printers,3,2,5
wondered,3,2,5
cover,4,1,5
rate,4,1,5
plenty,4,1,5
fax,3,2,5
adding,4,1,5
previously,4,1,5
requests,4,1,5
treat,4,1,5
label,4,1,5
ok,4,1,5
18,4,1,5
contributing,4,1,5
instance,4,1,5
panel,4,1,5
initial,4,1,5
development,4,1,5
wasting,4,1,5
auto,4,1,5
manner,4,1,5
caused,4,1,5
yoga,4,1,5
gum,3,2,5
tea,4,1,5
zoom,4,1,5
imagine,3,2,5
trust,4,1,5
trouble,4,1,5
amazon,3,2,5
discussed,4,1,5
unhappy,4,1,5
piece,4,1,5
master,4,1,5
includes,3,2,5
target,4,1,5
growing,3,2,5
included,3,2,5
charity,4,1,5
decline,4,1,5
circle,4,1,5
desperate,4,1,5
accounting,4,1,5
000,4,1,5
knee,4,1,5
ups,4,1,5
holding,3,2,5
perform,4,1,5
approved,4,1,5
ignore,4,1,5
government,4,1,5
hopefully,3,2,5
internet,4,1,5
killing,4,1,5
2011,3,2,5
doctor,4,1,5
90,4,1,5
wise,4,1,5
condo,4,1,5
state,4,1,5
weekly,4,1,5
condition,4,1,5
proof,4,1,5
length,3,2,5
learning,3,2,5
volume,4,1,5
hidden,4,1,5
peer,4,1,5
potential,4,1,5
fucking,3,2,5
accept,3,2,5
cuz,4,1,5
vacation,4,1,5
suddenly,4,1,5
fight,3,2,5
fifth,3,2,5
method,4,1,5
block,4,1,5
intentionally,3,2,5
fear,3,2,5
led,3,2,5
fell,4,1,5
birthday,4,1,5
instagram,3,2,5
picking,4,1,5
insane,3,2,5
reaching,3,2,5
count,3,2,5
essentially,4,1,5
types,4,1,5
rant,3,2,5
contract,3,2,5
stopped,3,2,5
shares,4,1,5
suit,3,2,5
lifting,3,1,4
administrator,3,1,4
rarely,3,1,4
useless,3,1,4
refreshing,3,1,4
likes,3,1,4
exist,2,2,4
present,3,1,4
country,3,1,4
21,2,2,4
discussing,2,2,4
comparing,3,1,4
investing,3,1,4
dropped,2,2,4
enjoying,2,2,4
relax,3,1,4
load,3,1,4
realise,1,3,4
gotta,2,2,4
nyc,1,3,4
conditioning,1,3,4
assuming,2,2,4
crisis,2,2,4
messed,1,3,4
damn,2,2,4
canadian,1,3,4
banker,1,3,4
difference,1,3,4
pull,2,2,4
police,1,3,4
drag,3,1,4
plane,1,3,4
contain,3,1,4
pizza,3,1,4
prank,1,3,4
clue,3,1,4
concrete,3,1,4
black,3,1,4
whilst,3,1,4
actions,2,2,4
audience,1,3,4
arrives,2,2,4
aspects,2,2,4
theft,1,3,4
entirely,2,2,4
round,3,1,4
breath,3,1,4
constant,3,1,4
stairs,3,1,4
5k,3,1,4
positions,3,1,4
deserve,2,2,4
burned,2,2,4
dental,2,2,4
drawer,1,3,4
british,2,2,4
anger,3,1,4
yellow,3,1,4
99,1,3,4
calling,2,2,4
apple,2,2,4
provides,3,1,4
broke,3,1,4
puking,1,3,4
color,2,2,4
doesnt,2,2,4
embarrassed,3,1,4
volunteer,1,3,4
bc,2,2,4
categories,1,3,4
drawing,1,3,4
crack,3,1,4
protect,3,1,4
consistent,1,3,4
sexist,1,3,4
green,2,2,4
promotions,3,1,4
ceo,3,1,4
regarding,3,1,4
appear,2,2,4
alcoholic,2,2,4
flight,2,2,4
analysis,3,1,4
babies,3,1,4
quotes,2,2,4
announced,2,2,4
wtf,1,3,4
deciding,3,1,4
nails,3,1,4
rejected,1,3,4
dedicated,3,1,4
ends,3,1,4
plush,3,1,4
dead,2,2,4
tour,3,1,4
english,3,1,4
names,3,1,4
referring,1,3,4
shorter,3,1,4
transferred,3,1,4
april,2,2,4
football,2,2,4
cards,2,2,4
wrote,3,1,4
aged,2,2,4
burn,3,1,4
cute,3,1,4
death,1,3,4
purple,2,2,4
passionate,3,1,4
bitch,1,3,4
ring,2,2,4
urgent,3,1,4
maximum,3,1,4
winnipeg,2,2,4
bits,1,3,4
keys,3,1,4
al,3,1,4
heads,1,3,4
honest,1,3,4
hair,1,3,4
implied,1,3,4
undermining,3,1,4
understood,2,2,4
exhausted,3,1,4
ultimately,3,1,4
magic,2,2,4
language,1,3,4
sweat,2,2,4
mins,3,1,4
witnessed,3,1,4
sucks,2,2,4
explanation,3,1,4
frame,3,1,4
united,3,1,4
sake,2,2,4
mug,2,2,4
joking,1,3,4
fantasy,3,1,4
market,3,1,4
stage,2,2,4
men,3,1,4
runs,1,3,4
joining,2,2,4
release,2,2,4
ground,3,1,4
menu,3,1,4
magazine,3,1,4
newsletter,2,2,4
2nd,3,1,4
boy,1,3,4
grade,3,1,4
27,3,1,4
named,1,3,4
toys,2,2,4
sleeping,2,2,4
sleep,2,2,4
chicago,1,3,4
ending,1,3,4
min,3,1,4
ethics,3,1,4
history,2,2,4
pulled,3,1,4
section,1,3,4
quitting,3,1,4
realised,2,2,4
reality,2,2,4
match,2,2,4
gain,3,1,4
tonight,1,3,4
behaviour,3,1,4
pulling,3,1,4
randomly,3,1,4
overcome,3,1,4
rare,2,2,4
bed,1,3,4
american,1,3,4
prove,2,2,4
walked,2,2,4
walks,3,1,4
kidding,2,2,4
strangler,1,3,4
kitchen,3,1,4
offering,3,1,4
land,2,2,4
recent,2,2,4
perks,3,1,4
argument,3,1,4
awful,1,3,4
realistic,2,2,4
technically,3,1,4
crying,1,3,4
switched,2,2,4
tends,3,1,4
tbh,2,2,4
physically,3,1,4
plate,2,2,4
disrespectful,3,1,4
drink,3,1,4
furthermore,3,1,4
arms,3,1,4
anyways,1,3,4
asap,3,1,4
broken,1,3,4
discovered,1,3,4
political,2,2,4
quebec,3,1,4
force,3,1,4
navigate,1,2,3
sends,1,2,3
shown,1,2,3
spends,1,2,3
reveal,1,2,3
returns,1,2,3
observations,1,2,3
shooting,1,2,3
roommate,1,2,3
rough,1,2,3
drops,1,2,3
cafe,1,2,3
nowadays,1,2,3
channel,1,2,3
skill,1,2,3
originally,1,2,3
dressing,1,2,3
destructive,1,2,3
speed,1,2,3
progresses,1,2,3
contacted,1,2,3
finest,1,2,3
january,1,2,3
falls,1,2,3
london,1,2,3
gen,1,2,3
explained,1,2,3
interviewing,1,2,3
map,1,2,3
genuine,1,2,3
extend,1,2,3
joint,1,2,3
king,1,2,3
kindness,1,2,3
finishing,1,2,3
fischer,1,2,3
separated,1,2,3
killer,1,2,3
musical,1,2,3
motion,1,2,3
humiliated,1,2,3
marriage,1,2,3
id,1,2,3
exchange,1,2,3
midst,1,2,3
mildly,1,2,3
meets,1,2,3
heavily,1,2,3
horrible,1,2,3
hooked,1,2,3
trapped,1,2,3
arch,1,2,3
topic,1,2,3
cuts,1,2,3
accounts,1,2,3
accurate,1,2,3
vaguely,1,2,3
relate,1,2,3
congratulations,1,2,3
42,1,2,3
highest,1,2,3
psa,1,2,3
wow,1,2,3
recognition,1,2,3
ps,1,2,3
posting,1,2,3
portrait,1,2,3
testing,1,2,3
attached,1,2,3
dark,1,2,3
ticket,1,2,3
da,1,2,3
dad,1,2,3
threw,1,2,3
defend,1,2,3
bar,1,2,3
tape,1,2,3
turning,1,2,3
cracked,1,2,3
cross,1,2,3
unbearable,1,2,3
strange,1,2,3
attracted,2,1,3
verbally,2,1,3
struggled,2,1,3
gate,2,1,3
critical,2,1,3
attack,2,1,3
chewing,2,1,3
atmosphere,2,1,3
91,2,1,3
image,2,1,3
disgusting,2,1,3
format,2,1,3
secretaries,2,1,3
equivalent,2,1,3
accountant,2,1,3
booked,2,1,3
custom,2,1,3
freedom,2,1,3
equally,2,1,3
lift,2,1,3
smoke,2,1,3
smoking,2,1,3
smiling,2,1,3
dancing,2,1,3
feed,2,1,3
fantastic,2,1,3
solve,2,1,3
opens,2,1,3
roles,2,1,3
tactics,2,1,3
agreed,2,1,3
alike,2,1,3
exploring,2,1,3
facts,2,1,3
selections,2,1,3
expecting,2,1,3
annoys,2,1,3
demand,2,1,3
fighting,2,1,3
buzzwords,2,1,3
bowl,2,1,3
alright,2,1,3
immediate,2,1,3
faster,2,1,3
package,2,1,3
paternity,1,2,3
obscure,2,1,3
legs,2,1,3
vintage,2,1,3
receiving,2,1,3
reached,2,1,3
playlist,2,1,3
receive,2,1,3
recall,2,1,3
pocket,2,1,3
stepping,2,1,3
lasting,2,1,3
ready,2,1,3
pity,2,1,3
unable,2,1,3
typed,2,1,3
tall,2,1,3
pitch,2,1,3
pissed,2,1,3
points,2,1,3
poorly,2,1,3
manages,2,1,3
player,2,1,3
merge,2,1,3
violence,2,1,3
press,2,1,3
supporting,2,1,3
levels,2,1,3
minor,2,1,3
purse,2,1,3
pt,2,1,3
province,2,1,3
lives,2,1,3
presence,2,1,3
studio,2,1,3
moderate,2,1,3
linkedin,2,1,3
sudden,2,1,3
thread,2,1,3
recognize,2,1,3
template,2,1,3
stealing,2,1,3
procedure,2,1,3
kid,2,1,3
network,2,1,3
praises,2,1,3
touched,2,1,3
outstanding,2,1,3
travel,2,1,3
reports,2,1,3
smokers,1,2,3
investment,2,1,3
spray,2,1,3
joe,2,1,3
wears,2,1,3
paint,1,2,3
stapler,2,1,3
compared,2,1,3
dealing,2,1,3
replaces,2,1,3
glance,2,1,3
graduated,2,1,3
distracted,2,1,3
complains,2,1,3
subreddit,1,2,3
stall,1,2,3
googling,2,1,3
interactions,2,1,3
source,2,1,3
dialogue,1,2,3
resolved,2,1,3
sounded,2,1,3
described,1,2,3
resigned,2,1,3
resign,2,1,3
pieces,1,2,3
spy,1,2,3
motivated,2,1,3
stays,1,2,3
steal,1,2,3
deserved,1,2,3
remove,2,1,3
remind,2,1,3
blood,1,2,3
healthcare,2,1,3
commented,2,1,3
doubt,2,1,3
biased,2,1,3
happening,2,1,3
silly,2,1,3
edge,2,1,3
horror,2,1,3
ball,2,1,3
balls,2,1,3
touching,2,1,3
1999,2,1,3
topics,2,1,3
sheet,2,1,3
bible,2,1,3
hurts,2,1,3
beautiful,2,1,3
extreme,2,1,3
harder,2,1,3
separately,2,1,3
decisions,2,1,3
conclusion,2,1,3
guessing,1,2,3
wipe,2,1,3
carbon,2,1,3
connections,2,1,3
apologize,2,1,3
dramatic,2,1,3
condescending,2,1,3
halfway,2,1,3
sex,2,1,3
initially,1,1,2
influence,1,1,2
homework,1,1,2
generations,1,1,2
gem,1,1,2
instances,1,1,2
injury,1,1,2
invest,1,1,2
instant,1,1,2
forgetting,1,1,2
labelled,1,1,2
hopeless,1,1,2
heartfelt,1,1,2
hallway,1,1,2
handy,1,1,2
harassment,1,1,2
happily,1,1,2
framed,1,1,2
handles,1,1,2
forgive,1,1,2
hobby,1,1,2
formed,1,1,2
hobbies,1,1,2
hangs,1,1,2
idiots,1,1,2
hygiene,1,1,2
homely,1,1,2
hosting,1,1,2
interrupt,1,1,2
joy,1,1,2
destroying,1,1,2
globe,1,1,2
ofcourse,1,1,2
op,1,1,2
divide,1,1,2
passed,1,1,2
occurs,1,1,2
differences,1,1,2
occurred,1,1,2
occasion,1,1,2
drew,1,1,2
omg,1,1,2
disappears,1,1,2
downtown,1,1,2
officially,1,1,2
officer,1,1,2
offended,1,1,2
contrary,1,1,2
react,1,1,2
containers,1,1,2
purchases,1,1,2
parties,1,1,2
overthinking,1,1,2
publicly,1,1,2
niagara,1,1,2
pause,1,1,2
peel,1,1,2
diabetes,1,1,2
describes,1,1,2
dumbass,1,1,2
dump,1,1,2
dunno,1,1,2
pic,1,1,2
depressed,1,1,2
eachother,1,1,2
pile,1,1,2
driven,1,1,2
north,1,1,2
norm,1,1,2
neighbor,1,1,2
ecosystem,1,1,2
deserving,1,1,2
designation,1,1,2
punches,1,1,2
countries,1,1,2
interacted,1,1,2
prices,1,1,2
dedication,1,1,2
deep,1,1,2
premium,1,1,2
crappy,1,1,2
crawl,1,1,2
covered,1,1,2
proved,1,1,2
proud,1,1,2
cutting,1,1,2
delight,1,1,2
cultural,1,1,2
cupboard,1,1,2
gathered,1,1,2
involves,1,1,2
garage,1,1,2
jerk,1,1,2
invites,1,1,2
invitation,1,1,2
defense,1,1,2
pouring,1,1,2
psychological,1,1,2
religious,1,1,2
purposely,1,1,2
cooperate,1,1,2
reactions,1,1,2
regardless,1,1,2
refused,1,1,2
computers,1,1,2
comradery,1,1,2
concept,1,1,2
relief,1,1,2
danger,1,1,2
confusing,1,1,2
realizing,1,1,2
red,1,1,2
confirm,1,1,2
pop,1,1,2
poop,1,1,2
preference,1,1,2
practically,1,1,2
inner,1,1,2
bus,1,1,2
improved,1,1,2
cheated,1,1,2
vietnam,1,1,2
accepts,1,1,2
ceiling,1,1,2
serve,1,1,2
central,1,1,2
sentence,1,1,2
careful,1,1,2
centric,1,1,2
charges,1,1,2
chart,1,1,2
scream,1,1,2
abused,1,1,2
chatting,1,1,2
ceremony,1,1,2
sells,1,1,2
selfish,1,1,2
selection,1,1,2
selected,1,1,2
seemingly,1,1,2
buys,1,1,2
skipping,1,1,2
slap,1,1,2
accompany,1,1,2
wednesday,1,1,2
impressive,1,1,2
1990s,1,1,2
worthwhile,1,1,2
wished,1,1,2
whatsoever,1,1,2
whatsapp,1,1,2
winter,1,1,2
48,1,1,2
white,1,1,2
yells,1,1,2
2010,1,1,2
www,1,1,2
17,1,1,2
absence,1,1,2
17th,1,1,2
vague,1,1,2
addicted,1,1,2
additional,1,1,2
accusations,1,1,2
accused,1,1,2
unpredictable,1,1,2
unnecessarily,1,1,2
unlock,1,1,2
affair,1,1,2
shits,1,1,2
capable,1,1,2
signed,1,1,2
subjects,1,1,2
strives,1,1,2
bow,1,1,2
stank,1,1,2
blog,1,1,2
stands,1,1,2
birth,1,1,2
stating,1,1,2
starters,1,1,2
bin,1,1,2
brother,1,1,2
suffering,1,1,2
caffeine,1,1,2
beard,1,1,2
soft,1,1,2
sneak,1,1,2
breakfast,1,1,2
somewhat,1,1,2
baseball,1,1,2
suite,1,1,2
behave,1,1,2
smear,1,1,2
breaking,1,1,2
sooo,1,1,2
brain,1,1,2
strike,1,1,2
bonuses,1,1,2
calendars,1,1,2
shenanigans,1,1,2
scrapped,1,1,2
restriction,1,1,2
responsibility,1,1,2
responds,1,1,2
clips,1,1,2
collar,1,1,2
collect,1,1,2
collection,1,1,2
satisfying,1,1,2
children,1,1,2
scenarios,1,1,2
sadly,1,1,2
cleared,1,1,2
s05,1,1,2
circles,1,1,2
ruin,1,1,2
specially,1,1,2
stressful,1,1,2
boots,1,1,2
worthy,1,1,2
wishes,1,1,2
witch,1,1,2
finds,1,1,2
em,1,1,2
morale,1,1,2
nap,1,1,2
mixed,1,1,2
mirrors,1,1,2
mocking,1,1,2
mondays,1,1,2
lifetime,1,1,2
figuring,1,1,2
finger,1,1,2
focusing,1,1,2
fb,1,1,2
laughing,1,1,2
foolish,1,1,2
forcing,1,1,2
laws,1,1,2
fly,1,1,2
mailbox,1,1,2
existing,1,1,2
manitoba,1,1,2
malicious,1,1,2
males,1,1,2
ex,1,1,2
media,1,1,2
medicine,1,1,2
max,1,1,2
impress,1,1,2
impersonation,1,1,2
lame,1,1,2
grinding,1,1,2
increases,1,1,2
guarantee,1,1,2
incident,1,1,2
grumpy,1,1,2
landed,1,1,2
merry,1,1,2
mentioning,1,1,2
establish,1,1,2
estate,1,1,2
messing,1,1,2
millennials,1,1,2
entitled,1,1,2
exchanging,1,1,2
excitement,1,1,2
exclude,1,1,2
exclusively,1,1,2
mask,1,1,2
fault,1,1,2
lucky,1,1,2
34,1,1,2
theyre,1,1,2
suppose,1,1,2
supported,1,1,2
supplier,1,1,2
barely,1,1,2
barrel,1,1,2
switching,1,1,2
backwards,1,1,2
balance,1,1,2
surprises,1,1,2
survive,1,1,2
throughs,1,1,2
loyal,1,1,2
arrival,1,1,2
tier,1,1,2
tie,1,1,2
attract,1,1,2
australia,1,1,2
thats,1,1,2
texts,1,1,2
testify,1,1,2
tested,1,1,2
terrorist,1,1,2
awarness,1,1,2
tear,1,1,2
backbone,1,1,2
timeline,1,1,2
false,1,1,2
loses,1,1,2
fare,1,1,2
failing,1,1,2
anywho,1,1,2
annoy,1,1,2
trial,1,1,2
tolerate,1,1,2
titled,1,1,2
arm,1,1,2
toll,1,1,2
town,1,1,2
tournament,1,1,2
anniversary,1,1,2
triple,1,1,2
alive,1,1,2
understandable,1,1,2
airport,1,1,2
trucks,1,1,2
alot,1,1,2
twitter,1,1,2
directions,1,1,2
